
==================================================================================================================================================================================
                                                                                            Dependent variable:                                                                   
                          --------------------------------------------------------------------------------------------------------------------------------------------------------
                                                                                                     .x                                                                           
                                (1)              (2)              (3)              (4)              (5)              (6)              (7)              (8)              (9)       
----------------------------------------------------------------------------------------------------------------------------------------------------------------------------------
comprasnet                    0.528***         0.264**           0.094                                                                                                            
                              (0.045)          (0.121)          (0.162)                                                                                                           
                                                                                                                                                                                  
treat1                         -0.055           0.106            0.099            0.085            0.085            0.085            0.085            0.085            -0.017     
                              (0.052)          (0.126)          (0.137)          (0.144)          (0.144)          (0.138)          (0.139)          (0.139)          (0.166)     
                                                                                                                                                                                  
treat2                         -0.022           0.088            0.086            0.072            0.072            0.072            0.073            0.065            -0.206     
                              (0.057)          (0.173)          (0.187)          (0.196)          (0.196)          (0.189)          (0.190)          (0.190)          (0.307)     
                                                                                                                                                                                  
qualidadeGOURMET                                                                                   -0.092           -0.011           -0.011           -0.013           -0.012     
                                                                                                  (0.111)          (0.109)          (0.109)          (0.109)          (0.109)     
                                                                                                                                                                                  
qualidadeSUPERIOR                                                                                  -0.127           -0.073           -0.073           -0.074           -0.074     
                                                                                                  (0.113)          (0.110)          (0.110)          (0.110)          (0.110)     
                                                                                                                                                                                  
kg_por_unid_0.25                                                                                                    0.104            0.104            0.101            0.102      
                                                                                                                   (0.142)          (0.142)          (0.142)          (0.142)     
                                                                                                                                                                                  
kg_por_unid_1                                                                                                     -0.416***        -0.416***        -0.417***        -0.417***    
                                                                                                                   (0.118)          (0.118)          (0.118)          (0.118)     
                                                                                                                                                                                  
kg_por_unid_5                                                                                                                                                                     
                                                                                                                                                                                  
                                                                                                                                                                                  
futuro_defl                                                                                                                         -0.00004                                      
                                                                                                                                    (0.0005)                                      
                                                                                                                                                                                  
arab_defl                                                                                                                                             0.0002           0.0001     
                                                                                                                                                     (0.001)          (0.001)     
                                                                                                                                                                                  
comprasnet:trend_bimestre                                                                                                                                              0.017      
                                                                                                                                                                      (0.015)     
                                                                                                                                                                                  
Constant                      2.068***                                                                                                                                            
                              (0.013)                                                                                                                                             
                                                                                                                                                                                  
----------------------------------------------------------------------------------------------------------------------------------------------------------------------------------
Observations                    386              386              386              386              386              386              386              386              386       
R2                             0.522            0.894            0.901            0.909            0.910            0.918            0.918            0.918            0.918      
Adjusted R2                    0.518            0.861            0.836            0.821            0.820            0.834            0.833            0.833            0.834      
Residual Std. Error       0.220 (df = 382) 0.118 (df = 292) 0.128 (df = 233) 0.134 (df = 195) 0.134 (df = 193) 0.129 (df = 191) 0.129 (df = 190) 0.129 (df = 190) 0.129 (df = 189)
==================================================================================================================================================================================
Note:                                                                                                                                                  *p<0.1; **p<0.05; ***p<0.01
