
==================================================================================================================================================================================
                                                                                            Dependent variable:                                                                   
                          --------------------------------------------------------------------------------------------------------------------------------------------------------
                                                                                                     .x                                                                           
                                (1)              (2)              (3)              (4)              (5)              (6)              (7)              (8)              (9)       
----------------------------------------------------------------------------------------------------------------------------------------------------------------------------------
comprasnet                    0.513***         0.266**           0.085                                                                                                            
                              (0.040)          (0.112)          (0.147)                                                                                                           
                                                                                                                                                                                  
treat1                         -0.043           0.098            0.092            0.081            0.081            0.081            0.082            0.081            -0.033     
                              (0.046)          (0.116)          (0.124)          (0.130)          (0.130)          (0.125)          (0.125)          (0.125)          (0.147)     
                                                                                                                                                                                  
treat2                         -0.029           0.090            0.088            0.076            0.076            0.076            0.079            0.073            -0.227     
                              (0.052)          (0.159)          (0.170)          (0.177)          (0.178)          (0.171)          (0.171)          (0.172)          (0.266)     
                                                                                                                                                                                  
qualidadeGOURMET                                                                                   -0.064           0.016            0.015            0.016            0.016      
                                                                                                  (0.090)          (0.090)          (0.090)          (0.090)          (0.090)     
                                                                                                                                                                                  
qualidadeSUPERIOR                                                                                  -0.112           -0.057           -0.058           -0.057           -0.057     
                                                                                                  (0.100)          (0.097)          (0.097)          (0.097)          (0.097)     
                                                                                                                                                                                  
kg_por_unid_0.25                                                                                                    0.061            0.064            0.057            0.059      
                                                                                                                   (0.109)          (0.110)          (0.111)          (0.110)     
                                                                                                                                                                                  
kg_por_unid_1                                                                                                     -0.436***        -0.433***        -0.437***        -0.436***    
                                                                                                                   (0.102)          (0.103)          (0.103)          (0.103)     
                                                                                                                                                                                  
kg_por_unid_5                                                                                                                                                                     
                                                                                                                                                                                  
                                                                                                                                                                                  
futuro_defl                                                                                                                         -0.0001                                       
                                                                                                                                    (0.0004)                                      
                                                                                                                                                                                  
arab_defl                                                                                                                                             0.0001          0.00003     
                                                                                                                                                     (0.0004)         (0.0004)    
                                                                                                                                                                                  
comprasnet:trend_bimestre                                                                                                                                              0.019      
                                                                                                                                                                      (0.013)     
                                                                                                                                                                                  
Constant                      2.069***                                                                                                                                            
                              (0.012)                                                                                                                                             
                                                                                                                                                                                  
----------------------------------------------------------------------------------------------------------------------------------------------------------------------------------
Observations                    459              459              459              459              459              459              459              459              459       
R2                             0.516            0.901            0.907            0.915            0.915            0.922            0.922            0.922            0.923      
Adjusted R2                    0.512            0.872            0.854            0.841            0.841            0.853            0.852            0.852            0.853      
Residual Std. Error       0.214 (df = 455) 0.110 (df = 357) 0.117 (df = 292) 0.122 (df = 246) 0.122 (df = 244) 0.118 (df = 242) 0.118 (df = 241) 0.118 (df = 241) 0.117 (df = 240)
==================================================================================================================================================================================
Note:                                                                                                                                                  *p<0.1; **p<0.05; ***p<0.01
