
==================================================================================================================================================================================
                                                                                            Dependent variable:                                                                   
                          --------------------------------------------------------------------------------------------------------------------------------------------------------
                                                                                                     .x                                                                           
                                (1)              (2)              (3)              (4)              (5)              (6)              (7)              (8)              (9)       
----------------------------------------------------------------------------------------------------------------------------------------------------------------------------------
comprasnet                    0.513***         0.265**           0.088                                                                                                            
                              (0.038)          (0.110)          (0.138)                                                                                                           
                                                                                                                                                                                  
treat1                         -0.051           0.090            0.088            0.078            0.078            0.078            0.079            0.078            -0.016     
                              (0.045)          (0.114)          (0.121)          (0.126)          (0.126)          (0.121)          (0.121)          (0.121)          (0.142)     
                                                                                                                                                                                  
treat2                         -0.078           0.091            0.084            0.073            0.073            0.073            0.075            0.070            -0.173     
                              (0.049)          (0.157)          (0.166)          (0.173)          (0.173)          (0.166)          (0.167)          (0.167)          (0.253)     
                                                                                                                                                                                  
qualidadeGOURMET                                                                                   -0.064           0.016            0.015            0.016            0.016      
                                                                                                  (0.088)          (0.087)          (0.088)          (0.087)          (0.087)     
                                                                                                                                                                                  
qualidadeSUPERIOR                                                                                  -0.112           -0.057           -0.058           -0.057           -0.057     
                                                                                                  (0.097)          (0.095)          (0.095)          (0.095)          (0.095)     
                                                                                                                                                                                  
kg_por_unid_0.25                                                                                                    0.061            0.064            0.057            0.059      
                                                                                                                   (0.106)          (0.107)          (0.108)          (0.107)     
                                                                                                                                                                                  
kg_por_unid_1                                                                                                     -0.436***        -0.433***        -0.437***        -0.436***    
                                                                                                                   (0.100)          (0.101)          (0.100)          (0.100)     
                                                                                                                                                                                  
kg_por_unid_5                                                                                                                                                                     
                                                                                                                                                                                  
                                                                                                                                                                                  
futuro_defl                                                                                                                         -0.0001                                       
                                                                                                                                    (0.0004)                                      
                                                                                                                                                                                  
arab_defl                                                                                                                                             0.0001          0.00004     
                                                                                                                                                     (0.0004)         (0.0004)    
                                                                                                                                                                                  
comprasnet:trend_bimestre                                                                                                                                              0.015      
                                                                                                                                                                      (0.012)     
                                                                                                                                                                                  
Constant                      2.075***                                                                                                                                            
                              (0.012)                                                                                                                                             
                                                                                                                                                                                  
----------------------------------------------------------------------------------------------------------------------------------------------------------------------------------
Observations                    485              485              485              485              485              485              485              485              485       
R2                             0.501            0.899            0.907            0.915            0.915            0.922            0.922            0.922            0.923      
Adjusted R2                    0.498            0.871            0.856            0.844            0.844            0.856            0.855            0.855            0.856      
Residual Std. Error       0.214 (df = 481) 0.108 (df = 379) 0.114 (df = 313) 0.119 (df = 265) 0.119 (df = 263) 0.115 (df = 261) 0.115 (df = 260) 0.115 (df = 260) 0.115 (df = 259)
==================================================================================================================================================================================
Note:                                                                                                                                                  *p<0.1; **p<0.05; ***p<0.01
