
==================================================================================================================================================================================
                                                                                            Dependent variable:                                                                   
                          --------------------------------------------------------------------------------------------------------------------------------------------------------
                                                                                                     .x                                                                           
                                (1)              (2)              (3)              (4)              (5)              (6)              (7)              (8)              (9)       
----------------------------------------------------------------------------------------------------------------------------------------------------------------------------------
comprasnet                    0.523***         0.264**           0.092                                                                                                            
                              (0.042)          (0.117)          (0.155)                                                                                                           
                                                                                                                                                                                  
treat1                         -0.053           0.107            0.100            0.086            0.086            0.086            0.087            0.087            -0.018     
                              (0.049)          (0.122)          (0.132)          (0.138)          (0.138)          (0.132)          (0.133)          (0.133)          (0.159)     
                                                                                                                                                                                  
treat2                         -0.018           0.089            0.087            0.074            0.074            0.074            0.076            0.069            -0.209     
                              (0.055)          (0.167)          (0.180)          (0.188)          (0.188)          (0.180)          (0.181)          (0.182)          (0.293)     
                                                                                                                                                                                  
qualidadeGOURMET                                                                                   -0.064           0.016            0.015            0.017            0.016      
                                                                                                  (0.095)          (0.094)          (0.095)          (0.095)          (0.094)     
                                                                                                                                                                                  
qualidadeSUPERIOR                                                                                  -0.112           -0.057           -0.058           -0.057           -0.057     
                                                                                                  (0.105)          (0.102)          (0.102)          (0.102)          (0.102)     
                                                                                                                                                                                  
kg_por_unid_0.25                                                                                                    0.061            0.063            0.055            0.058      
                                                                                                                   (0.115)          (0.116)          (0.117)          (0.117)     
                                                                                                                                                                                  
kg_por_unid_1                                                                                                     -0.436***        -0.434***        -0.437***        -0.437***    
                                                                                                                   (0.108)          (0.109)          (0.108)          (0.108)     
                                                                                                                                                                                  
kg_por_unid_5                                                                                                                                                                     
                                                                                                                                                                                  
                                                                                                                                                                                  
futuro_defl                                                                                                                         -0.0001                                       
                                                                                                                                    (0.0004)                                      
                                                                                                                                                                                  
arab_defl                                                                                                                                             0.0001           0.0001     
                                                                                                                                                     (0.0005)         (0.0005)    
                                                                                                                                                                                  
comprasnet:trend_bimestre                                                                                                                                              0.017      
                                                                                                                                                                      (0.014)     
                                                                                                                                                                                  
Constant                      2.069***                                                                                                                                            
                              (0.013)                                                                                                                                             
                                                                                                                                                                                  
----------------------------------------------------------------------------------------------------------------------------------------------------------------------------------
Observations                    407              407              407              407              407              407              407              407              407       
R2                             0.527            0.897            0.904            0.912            0.912            0.920            0.920            0.920            0.921      
Adjusted R2                    0.524            0.867            0.846            0.832            0.831            0.845            0.844            0.844            0.844      
Residual Std. Error       0.216 (df = 403) 0.114 (df = 313) 0.123 (df = 253) 0.129 (df = 213) 0.129 (df = 211) 0.124 (df = 209) 0.124 (df = 208) 0.124 (df = 208) 0.124 (df = 207)
==================================================================================================================================================================================
Note:                                                                                                                                                  *p<0.1; **p<0.05; ***p<0.01
