
==================================================================================================================================================================================
                                                                                            Dependent variable:                                                                   
                          --------------------------------------------------------------------------------------------------------------------------------------------------------
                                                                                                     .x                                                                           
                                (1)              (2)              (3)              (4)              (5)              (6)              (7)              (8)              (9)       
----------------------------------------------------------------------------------------------------------------------------------------------------------------------------------
comprasnet                    0.509***         0.265**           0.088                                                                                                            
                              (0.041)          (0.115)          (0.152)                                                                                                           
                                                                                                                                                                                  
treat1                         -0.038           0.103            0.095            0.082            0.082            0.082            0.083            0.082            -0.018     
                              (0.048)          (0.120)          (0.129)          (0.135)          (0.135)          (0.130)          (0.130)          (0.130)          (0.156)     
                                                                                                                                                                                  
treat2                         -0.003           0.090            0.088            0.075            0.075            0.075            0.078            0.072            -0.193     
                              (0.054)          (0.164)          (0.176)          (0.184)          (0.184)          (0.177)          (0.177)          (0.178)          (0.287)     
                                                                                                                                                                                  
qualidadeGOURMET                                                                                   -0.064           0.016            0.015            0.016            0.016      
                                                                                                  (0.093)          (0.092)          (0.093)          (0.093)          (0.093)     
                                                                                                                                                                                  
qualidadeSUPERIOR                                                                                  -0.112           -0.057           -0.058           -0.057           -0.057     
                                                                                                  (0.103)          (0.100)          (0.100)          (0.100)          (0.100)     
                                                                                                                                                                                  
kg_por_unid_0.25                                                                                                    0.061            0.064            0.057            0.059      
                                                                                                                   (0.112)          (0.113)          (0.114)          (0.114)     
                                                                                                                                                                                  
kg_por_unid_1                                                                                                     -0.436***        -0.433***        -0.437***        -0.436***    
                                                                                                                   (0.106)          (0.107)          (0.106)          (0.106)     
                                                                                                                                                                                  
kg_por_unid_5                                                                                                                                                                     
                                                                                                                                                                                  
                                                                                                                                                                                  
futuro_defl                                                                                                                         -0.0001                                       
                                                                                                                                    (0.0004)                                      
                                                                                                                                                                                  
arab_defl                                                                                                                                             0.0001           0.0001     
                                                                                                                                                     (0.0005)         (0.0005)    
                                                                                                                                                                                  
comprasnet:trend_bimestre                                                                                                                                              0.017      
                                                                                                                                                                      (0.014)     
                                                                                                                                                                                  
Constant                      2.068***                                                                                                                                            
                              (0.013)                                                                                                                                             
                                                                                                                                                                                  
----------------------------------------------------------------------------------------------------------------------------------------------------------------------------------
Observations                    423              423              423              423              423              423              423              423              423       
R2                             0.521            0.898            0.905            0.913            0.913            0.921            0.921            0.921            0.921      
Adjusted R2                    0.517            0.869            0.849            0.836            0.835            0.848            0.847            0.847            0.848      
Residual Std. Error       0.216 (df = 419) 0.113 (df = 328) 0.121 (df = 266) 0.126 (df = 224) 0.126 (df = 222) 0.121 (df = 220) 0.122 (df = 219) 0.122 (df = 219) 0.121 (df = 218)
==================================================================================================================================================================================
Note:                                                                                                                                                  *p<0.1; **p<0.05; ***p<0.01
