
==================================================================================================================================================================================
                                                                                            Dependent variable:                                                                   
                          --------------------------------------------------------------------------------------------------------------------------------------------------------
                                                                                                     .x                                                                           
                                (1)              (2)              (3)              (4)              (5)              (6)              (7)              (8)              (9)       
----------------------------------------------------------------------------------------------------------------------------------------------------------------------------------
comprasnet                    0.504***         0.266**           0.086                                                                                                            
                              (0.040)          (0.113)          (0.149)                                                                                                           
                                                                                                                                                                                  
treat1                         -0.033           0.101            0.094            0.082            0.082            0.082            0.083            0.082            -0.017     
                              (0.047)          (0.118)          (0.127)          (0.132)          (0.132)          (0.127)          (0.127)          (0.127)          (0.151)     
                                                                                                                                                                                  
treat2                         -0.019           0.090            0.088            0.076            0.076            0.076            0.080            0.073            -0.192     
                              (0.052)          (0.161)          (0.173)          (0.180)          (0.180)          (0.173)          (0.174)          (0.174)          (0.278)     
                                                                                                                                                                                  
qualidadeGOURMET                                                                                   -0.064           0.016            0.014            0.016            0.016      
                                                                                                  (0.091)          (0.091)          (0.091)          (0.091)          (0.091)     
                                                                                                                                                                                  
qualidadeSUPERIOR                                                                                  -0.112           -0.057           -0.059           -0.057           -0.057     
                                                                                                  (0.101)          (0.098)          (0.099)          (0.099)          (0.099)     
                                                                                                                                                                                  
kg_por_unid_0.25                                                                                                    0.061            0.065            0.057            0.059      
                                                                                                                   (0.110)          (0.111)          (0.112)          (0.112)     
                                                                                                                                                                                  
kg_por_unid_1                                                                                                     -0.436***        -0.432***        -0.437***        -0.436***    
                                                                                                                   (0.104)          (0.105)          (0.104)          (0.104)     
                                                                                                                                                                                  
kg_por_unid_5                                                                                                                                                                     
                                                                                                                                                                                  
                                                                                                                                                                                  
futuro_defl                                                                                                                         -0.0001                                       
                                                                                                                                    (0.0004)                                      
                                                                                                                                                                                  
arab_defl                                                                                                                                             0.0001          0.00004     
                                                                                                                                                     (0.0005)         (0.0005)    
                                                                                                                                                                                  
comprasnet:trend_bimestre                                                                                                                                              0.017      
                                                                                                                                                                      (0.014)     
                                                                                                                                                                                  
Constant                      2.069***                                                                                                                                            
                              (0.012)                                                                                                                                             
                                                                                                                                                                                  
----------------------------------------------------------------------------------------------------------------------------------------------------------------------------------
Observations                    444              444              444              444              444              444              444              444              444       
R2                             0.516            0.899            0.905            0.913            0.914            0.921            0.921            0.921            0.921      
Adjusted R2                    0.513            0.869            0.850            0.838            0.837            0.850            0.849            0.849            0.849      
Residual Std. Error       0.215 (df = 440) 0.111 (df = 344) 0.119 (df = 281) 0.124 (df = 237) 0.124 (df = 235) 0.119 (df = 233) 0.119 (df = 232) 0.119 (df = 232) 0.119 (df = 231)
==================================================================================================================================================================================
Note:                                                                                                                                                  *p<0.1; **p<0.05; ***p<0.01
