
==================================================================================================================================================================================
                                                                                            Dependent variable:                                                                   
                          --------------------------------------------------------------------------------------------------------------------------------------------------------
                                                                                                     .x                                                                           
                                (1)              (2)              (3)              (4)              (5)              (6)              (7)              (8)              (9)       
----------------------------------------------------------------------------------------------------------------------------------------------------------------------------------
comprasnet                    0.499***         0.265**           0.093                                                                                                            
                              (0.038)          (0.108)          (0.135)                                                                                                           
                                                                                                                                                                                  
treat1                         -0.026           0.085            0.081            0.072            0.072            0.072            0.071            0.073            -0.012     
                              (0.044)          (0.112)          (0.118)          (0.123)          (0.123)          (0.119)          (0.119)          (0.119)          (0.139)     
                                                                                                                                                                                  
treat2                         -0.068           0.093            0.087            0.077            0.077            0.077            0.076            0.066            -0.154     
                              (0.048)          (0.154)          (0.162)          (0.169)          (0.169)          (0.163)          (0.163)          (0.164)          (0.248)     
                                                                                                                                                                                  
qualidadeGOURMET                                                                                   -0.064           0.016            0.016            0.018            0.017      
                                                                                                  (0.086)          (0.086)          (0.086)          (0.086)          (0.086)     
                                                                                                                                                                                  
qualidadeSUPERIOR                                                                                  -0.112           -0.057           -0.057           -0.057           -0.057     
                                                                                                  (0.096)          (0.093)          (0.093)          (0.093)          (0.093)     
                                                                                                                                                                                  
kg_por_unid_0.25                                                                                                    0.061            0.059            0.049            0.051      
                                                                                                                   (0.104)          (0.105)          (0.105)          (0.105)     
                                                                                                                                                                                  
kg_por_unid_1                                                                                                     -0.436***        -0.437***        -0.440***        -0.439***    
                                                                                                                   (0.098)          (0.099)          (0.098)          (0.098)     
                                                                                                                                                                                  
kg_por_unid_5                                                                                                                                                                     
                                                                                                                                                                                  
                                                                                                                                                                                  
futuro_defl                                                                                                                          0.0001                                       
                                                                                                                                    (0.0004)                                      
                                                                                                                                                                                  
arab_defl                                                                                                                                             0.0003           0.0002     
                                                                                                                                                     (0.0004)         (0.0004)    
                                                                                                                                                                                  
comprasnet:trend_bimestre                                                                                                                                              0.014      
                                                                                                                                                                      (0.012)     
                                                                                                                                                                                  
Constant                      2.078***                                                                                                                                            
                              (0.011)                                                                                                                                             
                                                                                                                                                                                  
----------------------------------------------------------------------------------------------------------------------------------------------------------------------------------
Observations                    521              521              521              521              521              521              521              521              521       
R2                             0.492            0.901            0.909            0.917            0.917            0.924            0.924            0.924            0.924      
Adjusted R2                    0.489            0.875            0.862            0.850            0.849            0.860            0.860            0.860            0.860      
Residual Std. Error       0.215 (df = 517) 0.106 (df = 410) 0.112 (df = 340) 0.117 (df = 288) 0.117 (df = 286) 0.113 (df = 284) 0.113 (df = 283) 0.113 (df = 283) 0.113 (df = 282)
==================================================================================================================================================================================
Note:                                                                                                                                                  *p<0.1; **p<0.05; ***p<0.01
