
==================================================================================================================================================================================
                                                                                            Dependent variable:                                                                   
                          --------------------------------------------------------------------------------------------------------------------------------------------------------
                                                                                                     .x                                                                           
                                (1)              (2)              (3)              (4)              (5)              (6)              (7)              (8)              (9)       
----------------------------------------------------------------------------------------------------------------------------------------------------------------------------------
comprasnet                    0.506***         0.266**           0.089                                                                                                            
                              (0.038)          (0.110)          (0.137)                                                                                                           
                                                                                                                                                                                  
treat1                         -0.031           0.087            0.084            0.074            0.074            0.074            0.074            0.075            -0.013     
                              (0.045)          (0.114)          (0.120)          (0.125)          (0.125)          (0.120)          (0.121)          (0.121)          (0.141)     
                                                                                                                                                                                  
treat2                         -0.075           0.092            0.085            0.075            0.075            0.075            0.073            0.066            -0.164     
                              (0.049)          (0.156)          (0.164)          (0.171)          (0.172)          (0.165)          (0.166)          (0.166)          (0.251)     
                                                                                                                                                                                  
qualidadeGOURMET                                                                                   -0.064           0.016            0.016            0.017            0.017      
                                                                                                  (0.087)          (0.087)          (0.087)          (0.087)          (0.087)     
                                                                                                                                                                                  
qualidadeSUPERIOR                                                                                  -0.112           -0.057           -0.057           -0.057           -0.057     
                                                                                                  (0.097)          (0.094)          (0.094)          (0.094)          (0.094)     
                                                                                                                                                                                  
kg_por_unid_0.25                                                                                                    0.061            0.059            0.050            0.052      
                                                                                                                   (0.106)          (0.106)          (0.107)          (0.107)     
                                                                                                                                                                                  
kg_por_unid_1                                                                                                     -0.436***        -0.437***        -0.439***        -0.439***    
                                                                                                                   (0.099)          (0.100)          (0.100)          (0.100)     
                                                                                                                                                                                  
kg_por_unid_5                                                                                                                                                                     
                                                                                                                                                                                  
                                                                                                                                                                                  
futuro_defl                                                                                                                          0.0001                                       
                                                                                                                                    (0.0004)                                      
                                                                                                                                                                                  
arab_defl                                                                                                                                             0.0003           0.0002     
                                                                                                                                                     (0.0004)         (0.0004)    
                                                                                                                                                                                  
comprasnet:trend_bimestre                                                                                                                                              0.014      
                                                                                                                                                                      (0.012)     
                                                                                                                                                                                  
Constant                      2.077***                                                                                                                                            
                              (0.011)                                                                                                                                             
                                                                                                                                                                                  
----------------------------------------------------------------------------------------------------------------------------------------------------------------------------------
Observations                    503              503              503              503              503              503              503              503              503       
R2                             0.495            0.901            0.910            0.917            0.917            0.924            0.924            0.924            0.924      
Adjusted R2                    0.492            0.874            0.861            0.849            0.848            0.860            0.859            0.859            0.859      
Residual Std. Error       0.217 (df = 499) 0.108 (df = 394) 0.113 (df = 326) 0.118 (df = 276) 0.118 (df = 274) 0.114 (df = 272) 0.114 (df = 271) 0.114 (df = 271) 0.114 (df = 270)
==================================================================================================================================================================================
Note:                                                                                                                                                  *p<0.1; **p<0.05; ***p<0.01
