
==================================================================================================================================================================================
                                                                                            Dependent variable:                                                                   
                          --------------------------------------------------------------------------------------------------------------------------------------------------------
                                                                                                     .x                                                                           
                                (1)              (2)              (3)              (4)              (5)              (6)              (7)              (8)              (9)       
----------------------------------------------------------------------------------------------------------------------------------------------------------------------------------
comprasnet                    0.512***         0.269**           0.093                                                                                                            
                              (0.031)          (0.112)          (0.137)                                                                                                           
                                                                                                                                                                                  
treat1                         -0.056           0.090            0.090            0.082            0.082            0.082            0.082            0.083            -0.014     
                              (0.038)          (0.116)          (0.122)          (0.122)          (0.122)          (0.118)          (0.118)          (0.118)          (0.138)     
                                                                                                                                                                                  
treat2                        -0.098**          0.096            0.090            0.082            0.082            0.082            0.082            0.075            -0.168     
                              (0.042)          (0.160)          (0.167)          (0.167)          (0.167)          (0.162)          (0.163)          (0.163)          (0.242)     
                                                                                                                                                                                  
qualidadeGOURMET                                                                                   -0.036           0.022            0.022            0.023            0.023      
                                                                                                  (0.082)          (0.082)          (0.082)          (0.082)          (0.082)     
                                                                                                                                                                                  
qualidadeSUPERIOR                                                                                  -0.099           -0.053           -0.053           -0.053           -0.053     
                                                                                                  (0.094)          (0.092)          (0.092)          (0.092)          (0.092)     
                                                                                                                                                                                  
kg_por_unid_0.25                                                                                                    0.064            0.064            0.056            0.057      
                                                                                                                   (0.104)          (0.105)          (0.105)          (0.105)     
                                                                                                                                                                                  
kg_por_unid_1                                                                                                     -0.432***        -0.432***        -0.434***        -0.433***    
                                                                                                                   (0.095)          (0.095)          (0.095)          (0.095)     
                                                                                                                                                                                  
kg_por_unid_5                                                                                                                                                                     
                                                                                                                                                                                  
                                                                                                                                                                                  
futuro_defl                                                                                                                         0.00002                                       
                                                                                                                                    (0.0003)                                      
                                                                                                                                                                                  
arab_defl                                                                                                                                             0.0002           0.0002     
                                                                                                                                                     (0.0003)         (0.0003)    
                                                                                                                                                                                  
comprasnet:trend_bimestre                                                                                                                                              0.015      
                                                                                                                                                                      (0.011)     
                                                                                                                                                                                  
Constant                      2.074***                                                                                                                                            
                              (0.010)                                                                                                                                             
                                                                                                                                                                                  
----------------------------------------------------------------------------------------------------------------------------------------------------------------------------------
Observations                    625              625              625              625              625              625              625              625              625       
R2                             0.496            0.889            0.898            0.913            0.913            0.919            0.919            0.919            0.919      
Adjusted R2                    0.493            0.861            0.848            0.848            0.847            0.857            0.856            0.856            0.857      
Residual Std. Error       0.212 (df = 621) 0.111 (df = 498) 0.116 (df = 420) 0.116 (df = 358) 0.116 (df = 356) 0.112 (df = 354) 0.113 (df = 353) 0.113 (df = 353) 0.112 (df = 352)
==================================================================================================================================================================================
Note:                                                                                                                                                  *p<0.1; **p<0.05; ***p<0.01
