
==================================================================================================================================================================================
                                                                                            Dependent variable:                                                                   
                          --------------------------------------------------------------------------------------------------------------------------------------------------------
                                                                                                     .x                                                                           
                                (1)              (2)              (3)              (4)              (5)              (6)              (7)              (8)              (9)       
----------------------------------------------------------------------------------------------------------------------------------------------------------------------------------
comprasnet                    0.508***         0.272**           0.096                                                                                                            
                              (0.030)          (0.108)          (0.132)                                                                                                           
                                                                                                                                                                                  
treat1                         -0.051           0.088            0.087            0.081            0.081            0.081            0.080            0.082            -0.014     
                              (0.036)          (0.112)          (0.116)          (0.117)          (0.117)          (0.113)          (0.113)          (0.113)          (0.131)     
                                                                                                                                                                                  
treat2                        -0.091**          0.095            0.089            0.082            0.082            0.082            0.081            0.072            -0.173     
                              (0.040)          (0.154)          (0.160)          (0.160)          (0.160)          (0.156)          (0.156)          (0.156)          (0.229)     
                                                                                                                                                                                  
qualidadeGOURMET                                                                                   -0.036           0.022            0.022            0.023            0.023      
                                                                                                  (0.079)          (0.079)          (0.079)          (0.079)          (0.079)     
                                                                                                                                                                                  
qualidadeSUPERIOR                                                                                  -0.099           -0.053           -0.053           -0.053           -0.053     
                                                                                                  (0.091)          (0.089)          (0.089)          (0.089)          (0.088)     
                                                                                                                                                                                  
kg_por_unid_0.25                                                                                                    0.064            0.063            0.052            0.054      
                                                                                                                   (0.100)          (0.101)          (0.101)          (0.101)     
                                                                                                                                                                                  
kg_por_unid_1                                                                                                     -0.432***        -0.433***        -0.435***        -0.434***    
                                                                                                                   (0.091)          (0.091)          (0.091)          (0.091)     
                                                                                                                                                                                  
kg_por_unid_5                                                                                                                                                                     
                                                                                                                                                                                  
                                                                                                                                                                                  
futuro_defl                                                                                                                          0.0001                                       
                                                                                                                                    (0.0003)                                      
                                                                                                                                                                                  
arab_defl                                                                                                                                             0.0003           0.0002     
                                                                                                                                                     (0.0003)         (0.0003)    
                                                                                                                                                                                  
comprasnet:trend_bimestre                                                                                                                                              0.015      
                                                                                                                                                                      (0.011)     
                                                                                                                                                                                  
Constant                      2.071***                                                                                                                                            
                              (0.009)                                                                                                                                             
                                                                                                                                                                                  
----------------------------------------------------------------------------------------------------------------------------------------------------------------------------------
Observations                    695              695              695              695              695              695              695              695              695       
R2                             0.496            0.892            0.901            0.915            0.915            0.921            0.921            0.921            0.921      
Adjusted R2                    0.494            0.866            0.856            0.855            0.855            0.864            0.863            0.863            0.864      
Residual Std. Error       0.208 (df = 691) 0.107 (df = 559) 0.111 (df = 477) 0.111 (df = 407) 0.112 (df = 405) 0.108 (df = 403) 0.108 (df = 402) 0.108 (df = 402) 0.108 (df = 401)
==================================================================================================================================================================================
Note:                                                                                                                                                  *p<0.1; **p<0.05; ***p<0.01
