
==================================================================================================================================================================================
                                                                                            Dependent variable:                                                                   
                          --------------------------------------------------------------------------------------------------------------------------------------------------------
                                                                                                     .x                                                                           
                                (1)              (2)              (3)              (4)              (5)              (6)              (7)              (8)              (9)       
----------------------------------------------------------------------------------------------------------------------------------------------------------------------------------
comprasnet                    0.514***         0.270**           0.094                                                                                                            
                              (0.032)          (0.111)          (0.135)                                                                                                           
                                                                                                                                                                                  
treat1                         -0.053           0.086            0.087            0.078            0.078            0.078            0.079            0.079            -0.016     
                              (0.039)          (0.115)          (0.120)          (0.123)          (0.123)          (0.120)          (0.120)          (0.120)          (0.140)     
                                                                                                                                                                                  
treat2                        -0.094**          0.094            0.088            0.080            0.080            0.080            0.081            0.075            -0.166     
                              (0.042)          (0.157)          (0.164)          (0.169)          (0.169)          (0.164)          (0.165)          (0.165)          (0.247)     
                                                                                                                                                                                  
qualidadeGOURMET                                                                                   -0.064           0.016            0.015            0.016            0.016      
                                                                                                  (0.087)          (0.087)          (0.087)          (0.087)          (0.087)     
                                                                                                                                                                                  
qualidadeSUPERIOR                                                                                  -0.112           -0.057           -0.058           -0.057           -0.057     
                                                                                                  (0.096)          (0.094)          (0.094)          (0.094)          (0.094)     
                                                                                                                                                                                  
kg_por_unid_0.25                                                                                                    0.061            0.063            0.056            0.058      
                                                                                                                   (0.106)          (0.106)          (0.107)          (0.107)     
                                                                                                                                                                                  
kg_por_unid_1                                                                                                     -0.436***        -0.434***        -0.437***        -0.437***    
                                                                                                                   (0.099)          (0.100)          (0.100)          (0.099)     
                                                                                                                                                                                  
kg_por_unid_5                                                                                                                                                                     
                                                                                                                                                                                  
                                                                                                                                                                                  
futuro_defl                                                                                                                         -0.0001                                       
                                                                                                                                    (0.0003)                                      
                                                                                                                                                                                  
arab_defl                                                                                                                                             0.0001           0.0001     
                                                                                                                                                     (0.0003)         (0.0003)    
                                                                                                                                                                                  
comprasnet:trend_bimestre                                                                                                                                              0.015      
                                                                                                                                                                      (0.012)     
                                                                                                                                                                                  
Constant                      2.074***                                                                                                                                            
                              (0.010)                                                                                                                                             
                                                                                                                                                                                  
----------------------------------------------------------------------------------------------------------------------------------------------------------------------------------
Observations                    606              606              606              606              606              606              606              606              606       
R2                             0.501            0.894            0.903            0.913            0.913            0.919            0.919            0.919            0.919      
Adjusted R2                    0.499            0.867            0.855            0.846            0.846            0.855            0.854            0.854            0.855      
Residual Std. Error       0.212 (df = 602) 0.109 (df = 480) 0.114 (df = 403) 0.117 (df = 343) 0.117 (df = 341) 0.114 (df = 339) 0.114 (df = 338) 0.114 (df = 338) 0.114 (df = 337)
==================================================================================================================================================================================
Note:                                                                                                                                                  *p<0.1; **p<0.05; ***p<0.01
