
==================================================================================================================================================================================
                                                                                            Dependent variable:                                                                   
                          --------------------------------------------------------------------------------------------------------------------------------------------------------
                                                                                                     .x                                                                           
                                (1)              (2)              (3)              (4)              (5)              (6)              (7)              (8)              (9)       
----------------------------------------------------------------------------------------------------------------------------------------------------------------------------------
comprasnet                    0.511***         0.273**           0.099                                                                                                            
                              (0.029)          (0.106)          (0.128)                                                                                                           
                                                                                                                                                                                  
treat1                         -0.045           0.088            0.088            0.082            0.082            0.082            0.082            0.084            -0.012     
                              (0.035)          (0.109)          (0.113)          (0.114)          (0.114)          (0.110)          (0.111)          (0.110)          (0.127)     
                                                                                                                                                                                  
treat2                        -0.091**          0.093            0.086            0.079            0.079            0.079            0.079            0.069            -0.174     
                              (0.039)          (0.150)          (0.156)          (0.156)          (0.157)          (0.152)          (0.152)          (0.152)          (0.221)     
                                                                                                                                                                                  
qualidadeGOURMET                                                                                   -0.036           0.022            0.022            0.023            0.023      
                                                                                                  (0.077)          (0.077)          (0.077)          (0.077)          (0.077)     
                                                                                                                                                                                  
qualidadeSUPERIOR                                                                                  -0.099           -0.053           -0.053           -0.053           -0.053     
                                                                                                  (0.088)          (0.087)          (0.087)          (0.087)          (0.086)     
                                                                                                                                                                                  
kg_por_unid_0.25                                                                                                    0.064            0.064            0.053            0.054      
                                                                                                                   (0.098)          (0.098)          (0.098)          (0.098)     
                                                                                                                                                                                  
kg_por_unid_1                                                                                                     -0.432***        -0.431***        -0.435***        -0.434***    
                                                                                                                   (0.089)          (0.089)          (0.089)          (0.089)     
                                                                                                                                                                                  
kg_por_unid_5                                                                                                                                                                     
                                                                                                                                                                                  
                                                                                                                                                                                  
futuro_defl                                                                                                                         -0.00001                                      
                                                                                                                                    (0.0003)                                      
                                                                                                                                                                                  
arab_defl                                                                                                                                             0.0003           0.0002     
                                                                                                                                                     (0.0003)         (0.0003)    
                                                                                                                                                                                  
comprasnet:trend_bimestre                                                                                                                                              0.015      
                                                                                                                                                                      (0.010)     
                                                                                                                                                                                  
Constant                      2.069***                                                                                                                                            
                              (0.009)                                                                                                                                             
                                                                                                                                                                                  
----------------------------------------------------------------------------------------------------------------------------------------------------------------------------------
Observations                    745              745              745              745              745              745              745              745              745       
R2                             0.499            0.896            0.904            0.917            0.918            0.923            0.923            0.923            0.923      
Adjusted R2                    0.497            0.871            0.862            0.861            0.860            0.869            0.868            0.869            0.869      
Residual Std. Error       0.207 (df = 741) 0.105 (df = 603) 0.109 (df = 517) 0.109 (df = 441) 0.109 (df = 439) 0.106 (df = 437) 0.106 (df = 436) 0.106 (df = 436) 0.106 (df = 435)
==================================================================================================================================================================================
Note:                                                                                                                                                  *p<0.1; **p<0.05; ***p<0.01
