
==================================================================================================================================================================================
                                                                                            Dependent variable:                                                                   
                          --------------------------------------------------------------------------------------------------------------------------------------------------------
                                                                                                     .x                                                                           
                                (1)              (2)              (3)              (4)              (5)              (6)              (7)              (8)              (9)       
----------------------------------------------------------------------------------------------------------------------------------------------------------------------------------
comprasnet                    0.509***         0.269**           0.093                                                                                                            
                              (0.031)          (0.111)          (0.136)                                                                                                           
                                                                                                                                                                                  
treat1                         -0.053           0.092            0.091            0.084            0.084            0.084            0.084            0.085            -0.013     
                              (0.038)          (0.115)          (0.120)          (0.120)          (0.120)          (0.116)          (0.117)          (0.116)          (0.136)     
                                                                                                                                                                                  
treat2                        -0.095**          0.096            0.090            0.082            0.082            0.082            0.081            0.073            -0.173     
                              (0.041)          (0.158)          (0.165)          (0.165)          (0.165)          (0.160)          (0.160)          (0.160)          (0.238)     
                                                                                                                                                                                  
qualidadeGOURMET                                                                                   -0.036           0.022            0.022            0.023            0.023      
                                                                                                  (0.081)          (0.081)          (0.081)          (0.081)          (0.081)     
                                                                                                                                                                                  
qualidadeSUPERIOR                                                                                  -0.099           -0.053           -0.053           -0.053           -0.053     
                                                                                                  (0.093)          (0.091)          (0.091)          (0.091)          (0.091)     
                                                                                                                                                                                  
kg_por_unid_0.25                                                                                                    0.064            0.063            0.054            0.055      
                                                                                                                   (0.103)          (0.103)          (0.103)          (0.103)     
                                                                                                                                                                                  
kg_por_unid_1                                                                                                     -0.432***        -0.433***        -0.434***        -0.434***    
                                                                                                                   (0.093)          (0.094)          (0.093)          (0.093)     
                                                                                                                                                                                  
kg_por_unid_5                                                                                                                                                                     
                                                                                                                                                                                  
                                                                                                                                                                                  
futuro_defl                                                                                                                         0.00005                                       
                                                                                                                                    (0.0003)                                      
                                                                                                                                                                                  
arab_defl                                                                                                                                             0.0002           0.0002     
                                                                                                                                                     (0.0003)         (0.0003)    
                                                                                                                                                                                  
comprasnet:trend_bimestre                                                                                                                                              0.015      
                                                                                                                                                                      (0.011)     
                                                                                                                                                                                  
Constant                      2.073***                                                                                                                                            
                              (0.010)                                                                                                                                             
                                                                                                                                                                                  
----------------------------------------------------------------------------------------------------------------------------------------------------------------------------------
Observations                    642              642              642              642              642              642              642              642              642       
R2                             0.495            0.889            0.898            0.913            0.913            0.919            0.919            0.919            0.920      
Adjusted R2                    0.493            0.862            0.850            0.850            0.850            0.859            0.859            0.859            0.859      
Residual Std. Error       0.210 (df = 638) 0.110 (df = 514) 0.115 (df = 436) 0.114 (df = 372) 0.115 (df = 370) 0.111 (df = 368) 0.111 (df = 367) 0.111 (df = 367) 0.111 (df = 366)
==================================================================================================================================================================================
Note:                                                                                                                                                  *p<0.1; **p<0.05; ***p<0.01
