
==================================================================================================================================================================================
                                                                                            Dependent variable:                                                                   
                          --------------------------------------------------------------------------------------------------------------------------------------------------------
                                                                                                     .x                                                                           
                                (1)              (2)              (3)              (4)              (5)              (6)              (7)              (8)              (9)       
----------------------------------------------------------------------------------------------------------------------------------------------------------------------------------
comprasnet                    0.508***         0.269**           0.093                                                                                                            
                              (0.030)          (0.110)          (0.134)                                                                                                           
                                                                                                                                                                                  
treat1                         -0.052           0.090            0.089            0.082            0.082            0.082            0.082            0.083            -0.014     
                              (0.037)          (0.114)          (0.119)          (0.118)          (0.119)          (0.115)          (0.115)          (0.115)          (0.134)     
                                                                                                                                                                                  
treat2                        -0.100**          0.096            0.090            0.083            0.083            0.083            0.081            0.075            -0.168     
                              (0.041)          (0.156)          (0.163)          (0.163)          (0.163)          (0.158)          (0.158)          (0.158)          (0.235)     
                                                                                                                                                                                  
qualidadeGOURMET                                                                                   -0.036           0.022            0.023            0.023            0.023      
                                                                                                  (0.080)          (0.080)          (0.080)          (0.080)          (0.080)     
                                                                                                                                                                                  
qualidadeSUPERIOR                                                                                  -0.099           -0.053           -0.053           -0.053           -0.053     
                                                                                                  (0.092)          (0.090)          (0.090)          (0.090)          (0.090)     
                                                                                                                                                                                  
kg_por_unid_0.25                                                                                                    0.064            0.062            0.055            0.056      
                                                                                                                   (0.101)          (0.102)          (0.102)          (0.102)     
                                                                                                                                                                                  
kg_por_unid_1                                                                                                     -0.432***        -0.433***        -0.434***        -0.434***    
                                                                                                                   (0.092)          (0.092)          (0.092)          (0.092)     
                                                                                                                                                                                  
kg_por_unid_5                                                                                                                                                                     
                                                                                                                                                                                  
                                                                                                                                                                                  
futuro_defl                                                                                                                          0.0001                                       
                                                                                                                                    (0.0003)                                      
                                                                                                                                                                                  
arab_defl                                                                                                                                             0.0002           0.0002     
                                                                                                                                                     (0.0003)         (0.0003)    
                                                                                                                                                                                  
comprasnet:trend_bimestre                                                                                                                                              0.015      
                                                                                                                                                                      (0.011)     
                                                                                                                                                                                  
Constant                      2.073***                                                                                                                                            
                              (0.010)                                                                                                                                             
                                                                                                                                                                                  
----------------------------------------------------------------------------------------------------------------------------------------------------------------------------------
Observations                    659              659              659              659              659              659              659              659              659       
R2                             0.492            0.891            0.899            0.914            0.914            0.920            0.920            0.920            0.920      
Adjusted R2                    0.489            0.864            0.852            0.852            0.852            0.861            0.861            0.861            0.861      
Residual Std. Error       0.210 (df = 655) 0.109 (df = 529) 0.113 (df = 450) 0.113 (df = 384) 0.113 (df = 382) 0.110 (df = 380) 0.110 (df = 379) 0.110 (df = 379) 0.109 (df = 378)
==================================================================================================================================================================================
Note:                                                                                                                                                  *p<0.1; **p<0.05; ***p<0.01
