
==================================================================================================================================================================================
                                                                                            Dependent variable:                                                                   
                          --------------------------------------------------------------------------------------------------------------------------------------------------------
                                                                                                     .x                                                                           
                                (1)              (2)              (3)              (4)              (5)              (6)              (7)              (8)              (9)       
----------------------------------------------------------------------------------------------------------------------------------------------------------------------------------
comprasnet                    0.506***         0.271**           0.095                                                                                                            
                              (0.030)          (0.109)          (0.132)                                                                                                           
                                                                                                                                                                                  
treat1                         -0.050           0.088            0.088            0.081            0.081            0.081            0.081            0.082            -0.013     
                              (0.037)          (0.112)          (0.117)          (0.117)          (0.117)          (0.113)          (0.114)          (0.113)          (0.132)     
                                                                                                                                                                                  
treat2                        -0.097**          0.096            0.090            0.083            0.083            0.083            0.081            0.074            -0.167     
                              (0.040)          (0.154)          (0.161)          (0.161)          (0.161)          (0.156)          (0.156)          (0.156)          (0.231)     
                                                                                                                                                                                  
qualidadeGOURMET                                                                                   -0.036           0.022            0.023            0.023            0.023      
                                                                                                  (0.079)          (0.079)          (0.079)          (0.079)          (0.079)     
                                                                                                                                                                                  
qualidadeSUPERIOR                                                                                  -0.099           -0.053           -0.053           -0.053           -0.053     
                                                                                                  (0.091)          (0.089)          (0.089)          (0.089)          (0.088)     
                                                                                                                                                                                  
kg_por_unid_0.25                                                                                                    0.064            0.062            0.054            0.056      
                                                                                                                   (0.100)          (0.101)          (0.101)          (0.101)     
                                                                                                                                                                                  
kg_por_unid_1                                                                                                     -0.432***        -0.433***        -0.434***        -0.434***    
                                                                                                                   (0.091)          (0.091)          (0.091)          (0.091)     
                                                                                                                                                                                  
kg_por_unid_5                                                                                                                                                                     
                                                                                                                                                                                  
                                                                                                                                                                                  
futuro_defl                                                                                                                          0.0001                                       
                                                                                                                                    (0.0003)                                      
                                                                                                                                                                                  
arab_defl                                                                                                                                             0.0002           0.0002     
                                                                                                                                                     (0.0003)         (0.0003)    
                                                                                                                                                                                  
comprasnet:trend_bimestre                                                                                                                                              0.015      
                                                                                                                                                                      (0.011)     
                                                                                                                                                                                  
Constant                      2.072***                                                                                                                                            
                              (0.009)                                                                                                                                             
                                                                                                                                                                                  
----------------------------------------------------------------------------------------------------------------------------------------------------------------------------------
Observations                    676              676              676              676              676              676              676              676              676       
R2                             0.491            0.892            0.900            0.915            0.915            0.921            0.921            0.921            0.921      
Adjusted R2                    0.489            0.866            0.855            0.855            0.854            0.863            0.863            0.863            0.864      
Residual Std. Error       0.209 (df = 672) 0.107 (df = 544) 0.112 (df = 464) 0.112 (df = 396) 0.112 (df = 394) 0.108 (df = 392) 0.108 (df = 391) 0.108 (df = 391) 0.108 (df = 390)
==================================================================================================================================================================================
Note:                                                                                                                                                  *p<0.1; **p<0.05; ***p<0.01
