
==================================================================================================================================================================================
                                                                                            Dependent variable:                                                                   
                          --------------------------------------------------------------------------------------------------------------------------------------------------------
                                                                                                     .x                                                                           
                                (1)              (2)              (3)              (4)              (5)              (6)              (7)              (8)              (9)       
----------------------------------------------------------------------------------------------------------------------------------------------------------------------------------
comprasnet                    0.510***         0.273**           0.097                                                                                                            
                              (0.029)          (0.108)          (0.131)                                                                                                           
                                                                                                                                                                                  
treat1                         -0.043           0.086            0.085            0.079            0.079            0.079            0.079            0.080            -0.014     
                              (0.036)          (0.111)          (0.115)          (0.116)          (0.116)          (0.112)          (0.113)          (0.112)          (0.130)     
                                                                                                                                                                                  
treat2                        -0.091**          0.093            0.087            0.080            0.080            0.080            0.079            0.070            -0.170     
                              (0.040)          (0.153)          (0.159)          (0.159)          (0.159)          (0.154)          (0.155)          (0.155)          (0.227)     
                                                                                                                                                                                  
qualidadeGOURMET                                                                                   -0.036           0.022            0.022            0.023            0.023      
                                                                                                  (0.079)          (0.078)          (0.078)          (0.078)          (0.078)     
                                                                                                                                                                                  
qualidadeSUPERIOR                                                                                  -0.099           -0.053           -0.053           -0.053           -0.053     
                                                                                                  (0.090)          (0.088)          (0.088)          (0.088)          (0.088)     
                                                                                                                                                                                  
kg_por_unid_0.25                                                                                                    0.064            0.063            0.053            0.054      
                                                                                                                   (0.099)          (0.100)          (0.100)          (0.100)     
                                                                                                                                                                                  
kg_por_unid_1                                                                                                     -0.432***        -0.433***        -0.435***        -0.434***    
                                                                                                                   (0.090)          (0.091)          (0.090)          (0.090)     
                                                                                                                                                                                  
kg_por_unid_5                                                                                                                                                                     
                                                                                                                                                                                  
                                                                                                                                                                                  
futuro_defl                                                                                                                         0.00004                                       
                                                                                                                                    (0.0003)                                      
                                                                                                                                                                                  
arab_defl                                                                                                                                             0.0003           0.0002     
                                                                                                                                                     (0.0003)         (0.0003)    
                                                                                                                                                                                  
comprasnet:trend_bimestre                                                                                                                                              0.015      
                                                                                                                                                                      (0.010)     
                                                                                                                                                                                  
Constant                      2.070***                                                                                                                                            
                              (0.009)                                                                                                                                             
                                                                                                                                                                                  
----------------------------------------------------------------------------------------------------------------------------------------------------------------------------------
Observations                    714              714              714              714              714              714              714              714              714       
R2                             0.499            0.895            0.903            0.917            0.917            0.922            0.922            0.922            0.923      
Adjusted R2                    0.497            0.869            0.859            0.858            0.858            0.866            0.866            0.866            0.867      
Residual Std. Error       0.208 (df = 710) 0.106 (df = 575) 0.110 (df = 491) 0.111 (df = 419) 0.111 (df = 417) 0.107 (df = 415) 0.108 (df = 414) 0.107 (df = 414) 0.107 (df = 413)
==================================================================================================================================================================================
Note:                                                                                                                                                  *p<0.1; **p<0.05; ***p<0.01
