
==================================================================================================================================================================================
                                                                                            Dependent variable:                                                                   
                          --------------------------------------------------------------------------------------------------------------------------------------------------------
                                                                                                     .x                                                                           
                                (1)              (2)              (3)              (4)              (5)              (6)              (7)              (8)              (9)       
----------------------------------------------------------------------------------------------------------------------------------------------------------------------------------
comprasnet                    0.512***         0.273**           0.098                                                                                                            
                              (0.029)          (0.107)          (0.130)                                                                                                           
                                                                                                                                                                                  
treat1                         -0.046           0.087            0.087            0.080            0.080            0.080            0.080            0.082            -0.013     
                              (0.036)          (0.110)          (0.115)          (0.115)          (0.115)          (0.112)          (0.112)          (0.112)          (0.129)     
                                                                                                                                                                                  
treat2                        -0.092**          0.093            0.087            0.080            0.080            0.080            0.080            0.069            -0.171     
                              (0.039)          (0.151)          (0.157)          (0.158)          (0.158)          (0.153)          (0.154)          (0.154)          (0.226)     
                                                                                                                                                                                  
qualidadeGOURMET                                                                                   -0.036           0.022            0.022            0.023            0.023      
                                                                                                  (0.078)          (0.078)          (0.078)          (0.078)          (0.078)     
                                                                                                                                                                                  
qualidadeSUPERIOR                                                                                  -0.099           -0.053           -0.053           -0.053           -0.053     
                                                                                                  (0.089)          (0.087)          (0.087)          (0.087)          (0.087)     
                                                                                                                                                                                  
kg_por_unid_0.25                                                                                                    0.064            0.064            0.052            0.054      
                                                                                                                   (0.099)          (0.099)          (0.099)          (0.099)     
                                                                                                                                                                                  
kg_por_unid_1                                                                                                     -0.432***        -0.432***        -0.435***        -0.435***    
                                                                                                                   (0.090)          (0.090)          (0.090)          (0.090)     
                                                                                                                                                                                  
kg_por_unid_5                                                                                                                                                                     
                                                                                                                                                                                  
                                                                                                                                                                                  
futuro_defl                                                                                                                         -0.00001                                      
                                                                                                                                    (0.0003)                                      
                                                                                                                                                                                  
arab_defl                                                                                                                                             0.0003           0.0003     
                                                                                                                                                     (0.0003)         (0.0003)    
                                                                                                                                                                                  
comprasnet:trend_bimestre                                                                                                                                              0.015      
                                                                                                                                                                      (0.010)     
                                                                                                                                                                                  
Constant                      2.069***                                                                                                                                            
                              (0.009)                                                                                                                                             
                                                                                                                                                                                  
----------------------------------------------------------------------------------------------------------------------------------------------------------------------------------
Observations                    731              731              731              731              731              731              731              731              731       
R2                             0.500            0.895            0.903            0.917            0.917            0.922            0.922            0.923            0.923      
Adjusted R2                    0.498            0.870            0.860            0.859            0.859            0.867            0.867            0.867            0.868      
Residual Std. Error       0.208 (df = 727) 0.105 (df = 590) 0.110 (df = 504) 0.110 (df = 430) 0.110 (df = 428) 0.107 (df = 426) 0.107 (df = 425) 0.107 (df = 425) 0.107 (df = 424)
==================================================================================================================================================================================
Note:                                                                                                                                                  *p<0.1; **p<0.05; ***p<0.01
