
==================================================================================================================================================================================
                                                                                            Dependent variable:                                                                   
                          --------------------------------------------------------------------------------------------------------------------------------------------------------
                                                                                                     .x                                                                           
                                (1)              (2)              (3)              (4)              (5)              (6)              (7)              (8)              (9)       
----------------------------------------------------------------------------------------------------------------------------------------------------------------------------------
comprasnet                    0.506***         0.303***          0.172                                                                                                            
                              (0.026)          (0.075)          (0.108)                                                                                                           
                                                                                                                                                                                  
treat1                         -0.019           0.043            0.010            0.006            0.009            -0.007           -0.006           -0.008           -0.061     
                              (0.032)          (0.079)          (0.088)          (0.088)          (0.088)          (0.087)          (0.088)          (0.088)          (0.105)     
                                                                                                                                                                                  
treat2                        -0.081**          0.090            0.132            0.128            0.140            0.069            0.071            0.061            -0.084     
                              (0.035)          (0.089)          (0.095)          (0.096)          (0.097)          (0.098)          (0.098)          (0.098)          (0.188)     
                                                                                                                                                                                  
qualidadeGOURMET                                                                                   -0.035           0.009            0.008            0.008            0.014      
                                                                                                  (0.073)          (0.074)          (0.074)          (0.074)          (0.074)     
                                                                                                                                                                                  
qualidadeSUPERIOR                                                                                  -0.087           -0.057           -0.058           -0.062           -0.048     
                                                                                                  (0.072)          (0.071)          (0.071)          (0.071)          (0.073)     
                                                                                                                                                                                  
kg_por_unid_0.25                                                                                                    0.148            0.150            0.137            0.144      
                                                                                                                   (0.095)          (0.096)          (0.096)          (0.097)     
                                                                                                                                                                                  
kg_por_unid_1                                                                                                     -0.191***        -0.190***        -0.195***        -0.178***    
                                                                                                                   (0.061)          (0.061)          (0.061)          (0.064)     
                                                                                                                                                                                  
kg_por_unid_5                                                                                                                                                                     
                                                                                                                                                                                  
                                                                                                                                                                                  
futuro_defl                                                                                                                         -0.0001                                       
                                                                                                                                    (0.0003)                                      
                                                                                                                                                                                  
arab_defl                                                                                                                                             0.0002           0.0002     
                                                                                                                                                     (0.0003)         (0.0003)    
                                                                                                                                                                                  
comprasnet:trend_bimestre                                                                                                                                              0.008      
                                                                                                                                                                      (0.009)     
                                                                                                                                                                                  
Constant                      2.068***                                                                                                                                            
                              (0.008)                                                                                                                                             
                                                                                                                                                                                  
----------------------------------------------------------------------------------------------------------------------------------------------------------------------------------
Observations                    842              842              842              842              842              842              842              842              842       
R2                             0.527            0.900            0.908            0.920            0.920            0.922            0.922            0.922            0.923      
Adjusted R2                    0.526            0.877            0.869            0.866            0.866            0.870            0.869            0.869            0.869      
Residual Std. Error       0.203 (df = 838) 0.103 (df = 680) 0.107 (df = 589) 0.108 (df = 505) 0.108 (df = 503) 0.106 (df = 501) 0.106 (df = 500) 0.106 (df = 500) 0.106 (df = 499)
==================================================================================================================================================================================
Note:                                                                                                                                                  *p<0.1; **p<0.05; ***p<0.01
