
==================================================================================================================================================================================
                                                                                            Dependent variable:                                                                   
                          --------------------------------------------------------------------------------------------------------------------------------------------------------
                                                                                                     .x                                                                           
                                (1)              (2)              (3)              (4)              (5)              (6)              (7)              (8)              (9)       
----------------------------------------------------------------------------------------------------------------------------------------------------------------------------------
comprasnet                    0.509***         0.303***          0.171                                                                                                            
                              (0.027)          (0.076)          (0.108)                                                                                                           
                                                                                                                                                                                  
treat1                         -0.028           0.043            0.011            0.007            0.010            -0.006           -0.005           -0.007           -0.060     
                              (0.032)          (0.080)          (0.088)          (0.089)          (0.089)          (0.088)          (0.088)          (0.088)          (0.106)     
                                                                                                                                                                                  
treat2                        -0.085**          0.091            0.133            0.128            0.141            0.070            0.072            0.063            -0.082     
                              (0.035)          (0.090)          (0.096)          (0.096)          (0.097)          (0.098)          (0.099)          (0.099)          (0.190)     
                                                                                                                                                                                  
qualidadeGOURMET                                                                                   -0.035           0.009            0.008            0.008            0.014      
                                                                                                  (0.073)          (0.074)          (0.074)          (0.074)          (0.075)     
                                                                                                                                                                                  
qualidadeSUPERIOR                                                                                  -0.087           -0.058           -0.058           -0.062           -0.048     
                                                                                                  (0.072)          (0.071)          (0.072)          (0.072)          (0.073)     
                                                                                                                                                                                  
kg_por_unid_0.25                                                                                                    0.148            0.150            0.138            0.145      
                                                                                                                   (0.096)          (0.096)          (0.097)          (0.097)     
                                                                                                                                                                                  
kg_por_unid_1                                                                                                     -0.191***        -0.189***        -0.194***        -0.178***    
                                                                                                                   (0.061)          (0.062)          (0.061)          (0.064)     
                                                                                                                                                                                  
kg_por_unid_5                                                                                                                                                                     
                                                                                                                                                                                  
                                                                                                                                                                                  
futuro_defl                                                                                                                         -0.0001                                       
                                                                                                                                    (0.0003)                                      
                                                                                                                                                                                  
arab_defl                                                                                                                                             0.0002           0.0002     
                                                                                                                                                     (0.0003)         (0.0003)    
                                                                                                                                                                                  
comprasnet:trend_bimestre                                                                                                                                              0.008      
                                                                                                                                                                      (0.009)     
                                                                                                                                                                                  
Constant                      2.068***                                                                                                                                            
                              (0.008)                                                                                                                                             
                                                                                                                                                                                  
----------------------------------------------------------------------------------------------------------------------------------------------------------------------------------
Observations                    826              826              826              826              826              826              826              826              826       
R2                             0.527            0.900            0.907            0.919            0.919            0.922            0.922            0.922            0.922      
Adjusted R2                    0.526            0.876            0.868            0.865            0.865            0.869            0.868            0.868            0.868      
Residual Std. Error       0.203 (df = 822) 0.104 (df = 666) 0.107 (df = 577) 0.108 (df = 495) 0.108 (df = 493) 0.107 (df = 491) 0.107 (df = 490) 0.107 (df = 490) 0.107 (df = 489)
==================================================================================================================================================================================
Note:                                                                                                                                                  *p<0.1; **p<0.05; ***p<0.01
