
==================================================================================================================================================================================
                                                                                            Dependent variable:                                                                   
                          --------------------------------------------------------------------------------------------------------------------------------------------------------
                                                                                                     .x                                                                           
                                (1)              (2)              (3)              (4)              (5)              (6)              (7)              (8)              (9)       
----------------------------------------------------------------------------------------------------------------------------------------------------------------------------------
comprasnet                    0.511***         0.303***          0.171                                                                                                            
                              (0.028)          (0.076)          (0.109)                                                                                                           
                                                                                                                                                                                  
treat1                         -0.047           0.042            0.010            0.006            0.009            -0.007           -0.006           -0.008           -0.060     
                              (0.035)          (0.080)          (0.089)          (0.089)          (0.090)          (0.089)          (0.089)          (0.089)          (0.107)     
                                                                                                                                                                                  
treat2                       -0.102***          0.091            0.133            0.128            0.141            0.070            0.072            0.062            -0.079     
                              (0.038)          (0.090)          (0.096)          (0.097)          (0.098)          (0.099)          (0.099)          (0.099)          (0.191)     
                                                                                                                                                                                  
qualidadeGOURMET                                                                                   -0.035           0.009            0.008            0.008            0.014      
                                                                                                  (0.074)          (0.075)          (0.075)          (0.075)          (0.075)     
                                                                                                                                                                                  
qualidadeSUPERIOR                                                                                  -0.087           -0.058           -0.058           -0.062           -0.048     
                                                                                                  (0.072)          (0.072)          (0.072)          (0.072)          (0.074)     
                                                                                                                                                                                  
kg_por_unid_0.25                                                                                                    0.148            0.150            0.137            0.144      
                                                                                                                   (0.096)          (0.097)          (0.097)          (0.098)     
                                                                                                                                                                                  
kg_por_unid_1                                                                                                     -0.191***        -0.190***        -0.195***        -0.179***    
                                                                                                                   (0.062)          (0.062)          (0.062)          (0.065)     
                                                                                                                                                                                  
kg_por_unid_5                                                                                                                                                                     
                                                                                                                                                                                  
                                                                                                                                                                                  
futuro_defl                                                                                                                         -0.0001                                       
                                                                                                                                    (0.0003)                                      
                                                                                                                                                                                  
arab_defl                                                                                                                                             0.0002           0.0002     
                                                                                                                                                     (0.0003)         (0.0003)    
                                                                                                                                                                                  
comprasnet:trend_bimestre                                                                                                                                              0.008      
                                                                                                                                                                      (0.009)     
                                                                                                                                                                                  
Constant                      2.068***                                                                                                                                            
                              (0.009)                                                                                                                                             
                                                                                                                                                                                  
----------------------------------------------------------------------------------------------------------------------------------------------------------------------------------
Observations                    780              780              780              780              780              780              780              780              780       
R2                             0.497            0.893            0.902            0.915            0.915            0.918            0.918            0.918            0.918      
Adjusted R2                    0.495            0.870            0.861            0.859            0.859            0.862            0.862            0.862            0.862      
Residual Std. Error       0.206 (df = 776) 0.104 (df = 638) 0.108 (df = 550) 0.109 (df = 470) 0.109 (df = 468) 0.107 (df = 466) 0.108 (df = 465) 0.107 (df = 465) 0.108 (df = 464)
==================================================================================================================================================================================
Note:                                                                                                                                                  *p<0.1; **p<0.05; ***p<0.01
