
==================================================================================================================================================================================
                                                                                            Dependent variable:                                                                   
                          --------------------------------------------------------------------------------------------------------------------------------------------------------
                                                                                                     .x                                                                           
                                (1)              (2)              (3)              (4)              (5)              (6)              (7)              (8)              (9)       
----------------------------------------------------------------------------------------------------------------------------------------------------------------------------------
comprasnet                    0.510***         0.303***          0.171                                                                                                            
                              (0.028)          (0.076)          (0.109)                                                                                                           
                                                                                                                                                                                  
treat1                         -0.047           0.042            0.010            0.006            0.007            -0.020           -0.020           -0.022           -0.049     
                              (0.035)          (0.080)          (0.089)          (0.089)          (0.089)          (0.087)          (0.087)          (0.087)          (0.105)     
                                                                                                                                                                                  
treat2                       -0.102***          0.090            0.132            0.128            0.136            0.010            0.012            0.001            -0.072     
                              (0.038)          (0.090)          (0.097)          (0.097)          (0.098)          (0.098)          (0.099)          (0.099)          (0.188)     
                                                                                                                                                                                  
qualidadeGOURMET                                                                                   -0.016           0.057            0.057            0.056            0.059      
                                                                                                  (0.074)          (0.074)          (0.075)          (0.074)          (0.075)     
                                                                                                                                                                                  
qualidadeSUPERIOR                                                                                  -0.053           0.028            0.028            0.024            0.030      
                                                                                                  (0.074)          (0.074)          (0.074)          (0.074)          (0.075)     
                                                                                                                                                                                  
kg_por_unid_0.25                                                                                                    0.112            0.114            0.099            0.103      
                                                                                                                   (0.095)          (0.096)          (0.096)          (0.097)     
                                                                                                                                                                                  
kg_por_unid_1                                                                                                     -0.326***        -0.325***        -0.332***        -0.322***    
                                                                                                                   (0.069)          (0.069)          (0.069)          (0.072)     
                                                                                                                                                                                  
kg_por_unid_5                                                                                                                                                                     
                                                                                                                                                                                  
                                                                                                                                                                                  
futuro_defl                                                                                                                         -0.0001                                       
                                                                                                                                    (0.0003)                                      
                                                                                                                                                                                  
arab_defl                                                                                                                                             0.0003           0.0003     
                                                                                                                                                     (0.0003)         (0.0003)    
                                                                                                                                                                                  
comprasnet:trend_bimestre                                                                                                                                              0.004      
                                                                                                                                                                      (0.009)     
                                                                                                                                                                                  
Constant                      2.069***                                                                                                                                            
                              (0.009)                                                                                                                                             
                                                                                                                                                                                  
----------------------------------------------------------------------------------------------------------------------------------------------------------------------------------
Observations                    764              764              764              764              764              764              764              764              764       
R2                             0.497            0.894            0.903            0.916            0.916            0.921            0.921            0.921            0.921      
Adjusted R2                    0.495            0.870            0.861            0.860            0.859            0.867            0.867            0.867            0.867      
Residual Std. Error       0.206 (df = 760) 0.104 (df = 622) 0.108 (df = 534) 0.109 (df = 456) 0.109 (df = 454) 0.106 (df = 452) 0.106 (df = 451) 0.106 (df = 451) 0.106 (df = 450)
==================================================================================================================================================================================
Note:                                                                                                                                                  *p<0.1; **p<0.05; ***p<0.01
