
======================================================================================================
                                                      Dependent variable:                             
                          ----------------------------------------------------------------------------
                                                        num_forn_lances                               
                            (1)      (2)      (3)       (4)       (5)       (6)       (7)       (8)   
------------------------------------------------------------------------------------------------------
comprasnet                1,758***  0,300                                                             
                          (0,283)  (0,616)                                                            
                                                                                                      
treat1                    1,764*** 2,628*** 1,801*** 1,779***  1,779***  1,767***  1,893***    0,549  
                          (0,326)  (0,646)  (0,665)   (0,660)   (0,661)   (0,662)   (0,662)   (0,817) 
                                                                                                      
treat2                    1,371*** 3,812*** 3,610*** 3,670***  3,670***  3,657***  3,848***    0,285  
                          (0,334)  (0,741)  (0,773)   (0,768)   (0,768)   (0,769)   (0,783)   (1,532) 
                                                                                                      
qualidadeDESCAFEINADO                                -5,045*** -5,045*** -5,044*** -3,428*** -4,956***
                                                      (1,197)   (1,197)   (1,198)   (1,259)   (1,197) 
                                                                                                      
qualidadeGOURMET                                      -0,439    -0,439    -0,439    -0,557    -0,471  
                                                      (0,395)   (0,396)   (0,396)   (0,398)   (0,395) 
                                                                                                      
qualidadeSUPERIOR                                      0,298     0,298     0,297     0,319     0,283  
                                                      (0,360)   (0,360)   (0,360)   (0,358)   (0,359) 
                                                                                                      
kg_por_unid_0.25                                     -0,949**  -0,949**  -0,951**  -0,930**  -0,946** 
                                                      (0,397)   (0,397)   (0,397)   (0,396)   (0,396) 
                                                                                                      
kg_por_unid_1                                        -0,770*** -0,770*** -0,767*** -0,855*** -0,764***
                                                      (0,279)   (0,279)   (0,279)   (0,278)   (0,279) 
                                                                                                      
kg_por_unid_10                                       9,983***  9,983***  9,985***  9,739***  9,991*** 
                                                      (2,748)   (2,748)   (2,749)   (2,718)   (2,746) 
                                                                                                      
kg_por_unid_5                                          0,017     0,017     0,013    -0,223     0,007  
                                                      (1,040)   (1,040)   (1,040)   (1,033)   (1,039) 
                                                                                                      
futuro_defl                                                     0,00001   0,0003    0,00004   0,0003  
                                                                (0,003)   (0,003)   (0,003)   (0,003) 
                                                                                                      
arab_defl                                                                 -0,001    -0,001    -0,001  
                                                                          (0,003)   (0,003)   (0,003) 
                                                                                                      
comprasnet:trend_bimestre                                                                     0,175** 
                                                                                              (0,069) 
                                                                                                      
------------------------------------------------------------------------------------------------------
Observations               4.879    4.879    4.879     4.879     4.879     4.879     4.879     4.879  
Adjusted R2                0,150    0,314    0,547     0,555     0,554     0,554     0,566     0,555  
======================================================================================================
Note:                                                                      *p<0,1; **p<0,05; ***p<0,01
