
===========================================================================================
                                                 Dependent variable:                       
                          -----------------------------------------------------------------
                                             num_forn_lances                    log_win_bid
                            (1)      (2)      (3)      (4)      (5)      (6)        (7)    
-------------------------------------------------------------------------------------------
comprasnet                 0,027                                                           
                          (0,430)                                                          
                                                                                           
treat1                    2,967*** 2,752*** 2,945*** 2,932*** 2,934*** 2,988***   -0,026   
                          (0,479)  (0,467)  (0,490)  (0,490)  (0,490)  (0,491)    (0,109)  
                                                                                           
treat2                    4,085*** 4,348*** 4,599*** 4,658*** 4,660*** 4,689***    0,082   
                          (0,491)  (0,500)  (0,538)  (0,540)  (0,541)  (0,541)    (0,189)  
                                                                                           
qualidadeDESCAFEINADO                                 0,281    0,282    0,263      0,378   
                                                     (1,601)  (1,602)  (1,600)    (0,233)  
                                                                                           
qualidadeGOURMET                                      -0,277   -0,274   -0,217    0,198**  
                                                     (0,518)  (0,520)  (0,520)    (0,080)  
                                                                                           
qualidadeSUPERIOR                                    1,405**  1,408**  1,441**    0,164*   
                                                     (0,586)  (0,587)  (0,587)    (0,091)  
                                                                                           
kg_por_unid_0.25                                                                           
                                                                                           
                                                                                           
kg_por_unid_1                                        -0,798** -0,797** -0,758*    0,149**  
                                                     (0,399)  (0,399)  (0,400)    (0,059)  
                                                                                           
futuro_defl                                                   -0,0003   0,001     -0,0005  
                                                              (0,002)  (0,002)   (0,0004)  
                                                                                           
arab_defl                                                              -0,004*     0,001   
                                                                       (0,002)   (0,0003)  
                                                                                           
comprasnet:trend_bimestre                                                          0,004   
                                                                                  (0,008)  
                                                                                           
-------------------------------------------------------------------------------------------
Observations               1.882    1.882    1.882    1.882    1.882    1.882      1.906   
Adjusted R2                0,249    0,465    0,473    0,475    0,475    0,476      0,566   
===========================================================================================
Note:                                                           *p<0,1; **p<0,05; ***p<0,01
